20182591 | 3157728 | 1542971912 | 1545563912
20160158 | 2580948 | 1543071925 | 1545663925
20170104 | 2768589 | 1543101925 | 1545693925
20180642 | 3389034 | 1543121807 | 1545713807
20150981 | 2769035 | 1543161925 | 1545753925
20181057 | 3754636 | 1543221807 | 1545813807
20180365 | 5724921 | 1543241807 | 1545833807
20150268 | 3797373 | 1543251807 | 1545843807
20160488 | 3939283 | 1543261807 | 1545853807
20160271 | 2688114 | 1543271562 | 1545863562
20160728 | 2697696 | 1543471113 | 1546063113
20162537 | 2758646 | 1543401925 | 1545993925
20170989 | 2747833 | 1543572906 | 1546164906
20182627 | 1587095 | 1543592906 | 1546184906
20182591 | 3149948 | 1543602916 | 1546194916
20142914 | 2716075 | 1544121807 | 1546713807
20143222 | 1001989 | 1544191807 | 1546783807
20150497 | 2405648 | 1544271479 | 1546863479
20185484 | 3983327 | 1544281479 | 1546873479
123 | 8795726 | 1544301479 | 1546893479